0x2ba50711780 0x2ba50711820 84 34.35 1.18 79.72 30.02 7.39
0x2ba50711780 0x2ba50711960 84 34.35 1.18 77.08 28.26 9.65
0x2ba50711820 0x2ba50711960 79.72 30.02 7.39 77.08 28.26 9.65
0x2ba50711870 0x2ba50711910 14.6 35.86 6.41 24.13 37.27 7.27
0x2ba50711870 0x2ba507119b0 14.6 35.86 6.41 11.95 37.59 7.33
0x2ba50711910 0x2ba507119b0 24.13 37.27 7.27 11.95 37.59 7.33
0x2ba50711960 0x2ba50711b30 77.08 28.26 9.65 63.33 31.23 8.36
0x2ba50711a00 0x2ba50716be0 16.97 59.23 3.12 16.29 55.72 9.68
0x2ba50711a50 0x2ba50716be0 27.81 55.26 6.55 16.29 55.72 9.68
0x2ba50711aa0 0x2ba50711ad0 34.23 1.87 7.49 35.08 5.44 2.49
0x2ba50716b50 0x2ba50716be0 16.28 67.55 4.05 16.29 55.72 9.68
